-1.477805999026776673e-02
8.812504064948396831e-02
5.462724266244806115e-02
-3.620928667552351238e-02
-1.372971249458345699e-01
2.569758010529095416e-02
3.158516762240895503e-02
-3.190440799261753946e-02
-9.910052433660666849e-02
2.377519296422729578e-02
6.182257506096806854e-02
-6.146903079003383785e-02
-3.351293370392879889e-02
-8.096419933210885489e-02
6.672573837311154832e-02
3.365208653374394954e-02
2.585047995827860490e-02
2.596037771231267388e-02
1.378598161265745525e-02
-1.928984468149207154e-02
